  aug-cc-pV5Z  EMSL  Basis Set Exchange Library   7/13/12 8:52 PM 
 Elements                             References 
 H      : T.H. Dunning, Jr. J. Chem. Phys. 90, 1007 (1989). 
 He     : D.E. Woon and T.H. Dunning, Jr. J. Chem. Phys. 100, 2975 (1994). 
 Li     : Unofficial set from D. Feller. 
 B  - Ne: T.H. Dunning, Jr. J. Chem. Phys. 90, 1007 (1989). 
 Na - Mg: Unofficial set from D. Feller. 
 Al - Ar: D.E. Woon and T.H. Dunning, Jr.  J. Chem. Phys. 98, 1358 (1993). 
 Ca     : J. Koput and K.A. Peterson, J. Phys. Chem. A, 106, 9595 (2002). 
 Sc - Zn: N.B. Balabanov and K.A. Peterson, J. Chem. Phys., 123, 064107 (2005) 
 Ga - Kr: A.K. Wilson, D.E. Woon,K.A. Peterson, T.H.Dunning, Jr., J. Chem. Phys. 110, 7667 (1999) 
  
 Elements                             References 
 H    :  T.H. Dunning, Jr. J. Chem. Phys. 90, 1007 (1989). 
 Diffuse s exponent - S. Mielke 
 He   :  D.E. Woon and T.H. Dunning, Jr., J. Chem. Phys. 100, 2975 (1994). 
 B - F:  R.A. Kendall, T.H. Dunning, Jr. and R.J. Harrison, J. Chem. Phys. 96, 
 6796 (1992). 
 Al - Cl: D.E. Woon and T.H. Dunning, Jr. J. Chem. Phys. 98, 1358 (1993). 
 Sc - Zn: N.B. Balabanov and K.A. Peterson, J. Chem. Phys, 123, 064107 (2005) 
  
O-HYDROGEN H (AUG-CC-PV5Z) BASIS TYPE: 1
# 
20
1 0 4
402.00000000 0.00027900
60.24000000 0.00216500
13.73000000 0.01120100
3.90500000 0.04487800
2 0 1
1.28300000 1.00000000
3 0 1
0.46550000 1.00000000
4 0 1
0.18110000 1.00000000
5 0 1
0.07279000 1.00000000
6 0 1
0.02070000 1.00000000
7 1 1
4.51600000 1.00000000
8 1 1
1.71200000 1.00000000
9 1 1
0.64900000 1.00000000
10 1 1
0.24600000 1.00000000
11 1 1
0.07440000 1.00000000
12 2 1
2.95000000 1.00000000
13 2 1
1.20600000 1.00000000
14 2 1
0.49300000 1.00000000
15 2 1
0.15600000 1.00000000
16 3 1
2.50600000 1.00000000
17 3 1
0.87500000 1.00000000
18 3 1
0.27400000 1.00000000
19 4 1
2.35800000 1.00000000
20 4 1
0.54300000 1.00000000

O-E-ALPHA E-ALPHA (AUG-CC-PV5Z) BASIS TYPE: 1
# 
20
1 0 4
402.00000000 0.00027900
60.24000000 0.00216500
13.73000000 0.01120100
3.90500000 0.04487800
2 0 1
1.28300000 1.00000000
3 0 1
0.46550000 1.00000000
4 0 1
0.18110000 1.00000000
5 0 1
0.07279000 1.00000000
6 0 1
0.02070000 1.00000000
7 1 1
4.51600000 1.00000000
8 1 1
1.71200000 1.00000000
9 1 1
0.64900000 1.00000000
10 1 1
0.24600000 1.00000000
11 1 1
0.07440000 1.00000000
12 2 1
2.95000000 1.00000000
13 2 1
1.20600000 1.00000000
14 2 1
0.49300000 1.00000000
15 2 1
0.15600000 1.00000000
16 3 1
2.50600000 1.00000000
17 3 1
0.87500000 1.00000000
18 3 1
0.27400000 1.00000000
19 4 1
2.35800000 1.00000000
20 4 1
0.54300000 1.00000000

O-E+ E+ (AUG-CC-PV5Z) BASIS TYPE: 1
# 
20
1 0 4
402.00000000 0.00027900
60.24000000 0.00216500
13.73000000 0.01120100
3.90500000 0.04487800
2 0 1
1.28300000 1.00000000
3 0 1
0.46550000 1.00000000
4 0 1
0.18110000 1.00000000
5 0 1
0.07279000 1.00000000
6 0 1
0.02070000 1.00000000
7 1 1
4.51600000 1.00000000
8 1 1
1.71200000 1.00000000
9 1 1
0.64900000 1.00000000
10 1 1
0.24600000 1.00000000
11 1 1
0.07440000 1.00000000
12 2 1
2.95000000 1.00000000
13 2 1
1.20600000 1.00000000
14 2 1
0.49300000 1.00000000
15 2 1
0.15600000 1.00000000
16 3 1
2.50600000 1.00000000
17 3 1
0.87500000 1.00000000
18 3 1
0.27400000 1.00000000
19 4 1
2.35800000 1.00000000
20 4 1
0.54300000 1.00000000
O-HELIUM He (AUG-CC-PV5Z) BASIS TYPE: 1
# 
20
1 0 4
1145.00000000 0.00035900
171.70000000 0.00277100
39.07000000 0.01425100
11.04000000 0.05556600
2 0 1
3.56600000 1.00000000
3 0 1
1.24000000 1.00000000
4 0 1
0.44730000 1.00000000
5 0 1
0.16400000 1.00000000
6 0 1
0.04664000 1.00000000
7 1 1
10.15300000 1.00000000
8 1 1
3.62700000 1.00000000
9 1 1
1.29600000 1.00000000
10 1 1
0.46300000 1.00000000
11 1 1
0.14000000 1.00000000
12 2 1
7.66600000 1.00000000
13 2 1
2.64700000 1.00000000
14 2 1
0.91400000 1.00000000
15 2 1
0.28920000 1.00000000
16 3 1
5.41100000 1.00000000
17 3 1
1.70700000 1.00000000
18 3 1
0.53450000 1.00000000
19 4 1
3.43000000 1.00000000
20 4 1
0.78990000 1.00000000

O-BORON B (AUG-CC-PV5Z) BASIS TYPE: 1
# 
27
1 0 10
68260.00000000 0.00002400
10230.00000000 0.00018500
2328.00000000 0.00097000
660.40000000 0.00405600
216.20000000 0.01439900
78.60000000 0.04390100
30.98000000 0.11305700
12.96000000 0.23382500
5.65900000 0.35396000
2.55600000 0.30154700
2 0 10
68260.00000000 -0.00000500
10230.00000000 -0.00003700
2328.00000000 -0.00019600
660.40000000 -0.00082400
216.20000000 -0.00292300
78.60000000 -0.00913800
30.98000000 -0.02410500
12.96000000 -0.05475500
5.65900000 -0.09694300
2.55600000 -0.13748500
3 0 1
1.17500000 1.00000000
4 0 1
0.42490000 1.00000000
5 0 1
0.17120000 1.00000000
6 0 1
0.06913000 1.00000000
7 0 1
0.02610000 1.00000000
8 1 4
66.44000000 0.00083800
15.71000000 0.00640900
4.93600000 0.02808100
1.77000000 0.09215200
9 1 1
0.70080000 1.00000000
10 1 1
0.29010000 1.00000000
11 1 1
0.12110000 1.00000000
12 1 1
0.04973000 1.00000000
13 1 1
0.01570000 1.00000000
14 2 1
2.01000000 1.00000000
15 2 1
0.79600000 1.00000000
16 2 1
0.31600000 1.00000000
17 2 1
0.12500000 1.00000000
18 2 1
0.04310000 1.00000000
19 3 1
1.21500000 1.00000000
20 3 1
0.52500000 1.00000000
21 3 1
0.22700000 1.00000000
22 3 1
0.08430000 1.00000000
23 4 1
1.12400000 1.00000000
24 4 1
0.46100000 1.00000000
25 4 1
0.20200000 1.00000000

# This basis set uses spherical components
O-NEON Ne (aug-cc-pV5Z)
#
# Primary Functions: (15s,9p,5d,4f,3g,2h) -> [7s,6p,5d,4f,3g,2h]
# Augmenting Functions: (14s,8p,4d,3f,2g,1h) -> [6s,5p,4d,3f,2g,1h]
# Augmenting Functions: (1s,1p,1d,1f,1g,1h)
    27
    1    0    10
 262700.0000000              0.0000260        
  39350.0000000              0.0002000        
   8955.0000000              0.0010500        
   2538.0000000              0.0044000        
    829.9000000              0.0156490        
    301.5000000              0.0477580        
    119.0000000              0.1229430        
     50.0000000              0.2524830        
     21.9800000              0.3663140        
      9.8910000              0.2796170        
    2    0    10
 262700.0000000             -0.0000060        
  39350.0000000             -0.0000470        
   8955.0000000             -0.0002470        
   2538.0000000             -0.0010380        
    829.9000000             -0.0037110        
    301.5000000             -0.0115930        
    119.0000000             -0.0310860        
     50.0000000             -0.0709720        
     21.9800000             -0.1272660        
      9.8910000             -0.1512310        
    3    0    1
      4.3270000              1.0000000        
    4    0    1
      1.8040000              1.0000000        
    5    0    1
      0.7288000              1.0000000        
    6    0    1
      0.2867000              1.0000000        
    7    0    1
      0.0957000              1.0000000        
    2    1    4
    299.1000000              0.0010380        
     70.7300000              0.0083750        
     22.4800000              0.0396930        
      8.2460000              0.1280560        
    3    1    1
      3.2690000              1.0000000        
    4    1    1
      1.3150000              1.0000000        
    5    1    1
      0.5158000              1.0000000        
    6    1    1
      0.1918000              1.0000000        
    7    1    1
      0.0654000              1.0000000        
    3    2    1
      9.8370000              1.0000000        
    4    2    1
      3.8440000              1.0000000        
    5    2    1
      1.5020000              1.0000000        
    6    2    1
      0.5870000              1.0000000        
    7    2    1
      0.2130000              1.0000000        
    1    3    1
      7.0900000              1.0000000        
    2    3    1
      2.7380000              1.0000000        
    3    3    1
      1.0570000              1.0000000        
    4    3    1
      0.4250000              1.0000000        
    1    4    1
      5.4600000              1.0000000        
    2    4    1
      1.8800000              1.0000000        
    3    4    1
      0.8090000              1.0000000        
    1    5    1
      3.7760000              1.0000000        
    2    5    1
      1.6280000              1.0000000        
O-ES ES (AUG-CC-PV5Z) BASIS TYPE: 1
# 
20
1 0 4
402.00000000 0.00027900
60.24000000 0.00216500
13.73000000 0.01120100
3.90500000 0.04487800
2 0 1
1.28300000 1.00000000
3 0 1
0.46550000 1.00000000
4 0 1
0.18110000 1.00000000
5 0 1
0.07279000 1.00000000
6 0 1
0.02070000 1.00000000
7 1 1
4.51600000 1.00000000
8 1 1
1.71200000 1.00000000
9 1 1
0.64900000 1.00000000
10 1 1
0.24600000 1.00000000
11 1 1
0.07440000 1.00000000
12 2 1
2.95000000 1.00000000
13 2 1
1.20600000 1.00000000
14 2 1
0.49300000 1.00000000
15 2 1
0.15600000 1.00000000
16 3 1
2.50600000 1.00000000
17 3 1
0.87500000 1.00000000
18 3 1
0.27400000 1.00000000
19 4 1
2.35800000 1.00000000
20 4 1
0.54300000 1.00000000
O-E+S E+S (AUG-CC-PV5Z) BASIS TYPE: 1
# 
20
1 0 4
402.00000000 0.00027900
60.24000000 0.00216500
13.73000000 0.01120100
3.90500000 0.04487800
2 0 1
1.28300000 1.00000000
3 0 1
0.46550000 1.00000000
4 0 1
0.18110000 1.00000000
5 0 1
0.07279000 1.00000000
6 0 1
0.02070000 1.00000000
7 1 1
4.51600000 1.00000000
8 1 1
1.71200000 1.00000000
9 1 1
0.64900000 1.00000000
10 1 1
0.24600000 1.00000000
11 1 1
0.07440000 1.00000000
12 2 1
2.95000000 1.00000000
13 2 1
1.20600000 1.00000000
14 2 1
0.49300000 1.00000000
15 2 1
0.15600000 1.00000000
16 3 1
2.50600000 1.00000000
17 3 1
0.87500000 1.00000000
18 3 1
0.27400000 1.00000000
19 4 1
2.35800000 1.00000000
20 4 1
0.54300000 1.00000000