O-HYDROGEN_1 H_1 (NAKAI-5-SP) BASIS TYPE: 2
# (1S)-[1S]
17
1	0	1
1.333	1	
2	0	1
4.214946	1	
3	0	1
13.32765925	1	
4	0	1
42.14205855	1	
5	0	1
133.2531892	1	
6	0	1
421.3465841	1	
7	0	1
1332.297899	1	
8	0	1
4212.725956	1	
9	0	1
13320.63947	1	
10	0	1
42119.86202	1	
11	0	1
133183.0037	1	
12	0	1
421124.6577	1	
13	0	1
1331596.168	1	
14	0	1
4210507.082	1	
15	0	1
13313623.39	1	
16	0	1
42097677.17	1	
17	0	1
133112855.2	1	
O-HYDROGEN_1 H_2 (NAKAI-5-SP) BASIS TYPE: 2
# (1S)-[1S]
17
1	0	1
1.333	1	
2	0	1
4.214946	1	
3	0	1
13.32765925	1	
4	0	1
42.14205855	1	
5	0	1
133.2531892	1	
6	0	1
421.3465841	1	
7	0	1
1332.297899	1	
8	0	1
4212.725956	1	
9	0	1
13320.63947	1	
10	0	1
42119.86202	1	
11	0	1
133183.0037	1	
12	0	1
421124.6577	1	
13	0	1
1331596.168	1	
14	0	1
4210507.082	1	
15	0	1
13313623.39	1	
16	0	1
42097677.17	1	
17	0	1
133112855.2	1	
O-HYDROGEN_1 H_3 (NAKAI-5-SP) BASIS TYPE: 2
# (1S)-[1S]
17
1	0	1
1.333	1	
2	0	1
4.214946	1	
3	0	1
13.32765925	1	
4	0	1
42.14205855	1	
5	0	1
133.2531892	1	
6	0	1
421.3465841	1	
7	0	1
1332.297899	1	
8	0	1
4212.725956	1	
9	0	1
13320.63947	1	
10	0	1
42119.86202	1	
11	0	1
133183.0037	1	
12	0	1
421124.6577	1	
13	0	1
1331596.168	1	
14	0	1
4210507.082	1	
15	0	1
13313623.39	1	
16	0	1
42097677.17	1	
17	0	1
133112855.2	1	
O-HYDROGEN_1 U+ (NAKAI-5-SP) BASIS TYPE: 2
# (1S)-[1S]
17
1	0	1
0.5	1	
2	0	1
1.581	1	
3	0	1
4.999122	1	
4	0	1
15.80722376	1	
5	0	1
49.98244154	1	
6	0	1
158.0444802	1	
7	0	1
499.7366463	1	
8	0	1
1580.167275	1	
9	0	1
4996.488925	1	
10	0	1
15798.89798	1	
11	0	1
49956.11541	1	
12	0	1
157961.2369	1	
13	0	1
499473.4312	1	
14	0	1
1579334.989	1	
15	0	1
4993857.237	1	
16	0	1
15790576.58	1	
17	0	1
49929803.15	1		